0000000000000000011111111100000000000000000000000000000000000000
0000000000000000011111111100000000000000000000000000000000000000
0000000000000000011111111100000000000000000000000000000000000000
0000000000000001100000000011111111000000000000000000000000000000
0000000000000001100000000011111111000000000000000000000000000000
0000000000000001100000000011111111000000000000000000000000000000
0000000000000110000000000000000000111111111000000000000000000000
0000000000000110000000000000000000111111111000000000000000000000
0000000000000110000000000000000000111111111000000000000000000000
0000000000000110000000000000000000111111111000000000000000000000
0000000000011000000000000000000000000000000111100000000000000000
0000000000011000000000000000000000000000000111100000000000000000
0000000000011000000000000000000000000000000111100000000000000000
1100000001100000011000000000111111000011100000011111100111000000
1100000001100000011000000000111111000011100000011111100111000000
1100000001100000011000000000111111000011100000011111100111000000
1111000001100001100110000011000000110011100000000110000111000000
1111000001100001100110000011000000110011100000000110000111000000
1111000001100001100110000011000000110011100000000110000111000000
1100110001100111111111100011000000110011100000000110000111111100
1100110001100111111111100011000000110011100000000110000111111100
1100110001100111111111100011000000110011100000000110000111111100
1100001111100110000001100011000000110011100000000110000111000011
1100001111100110000001100011000000110011100000000110000111000011
1100001111100110000001100011000000110011100000000110000111000011
1100001111100110000001100011000000110011100000000110000111000011
1100000001100110000001100011000000110011100000000110000111000011
1100000001100110000001100011000000110011100000000110000111000011
1100000001100110000001100011000000110011100000000110000111000011
1100000001100110000001100000111111000011111110011111100111111100
1100000001100110000001100000111111000011111110011111100111111100
1100000001100110000001100000111111000011111110011111100111111100
